3       13
2       36
20       4
23       3
21       4
2       29
3       20
20       8
21       3
23       2
2       41
21       4
20       13
3       11
23       1
2       39
20       10
3       9
21       4
3       15
2       34
20       11
21       5
23       1
19       2
20       10
2       26
3       24
18       1
19       1
2       32
20       9
3       16
21       2
23       1
2       36
3       18
20       5
18       1
21       2
23       1
2       38
22       2
19       1
20       14
3       11
2       31
3       20
23       4
20       12
18       1
21       7
3       12
2       39
21       6
20       8
2       35
3       15
20       7
23       2
21       3
21       5
20       8
2       37
3       14
22       1
18       1
23       1
2       31
20       12
21       3
3       17
22       1
23       1
19       2
3       14
2       37
20       9
21       4
23       2
22       1
3       19
2       31
22       2
21       3
23       2
20       10
18       2
2       31
3       19
20       10
21       4
23       1
2       27
3       18
21       5
20       14
23       1
19       2
3       17
2       36
23       7
20       7
21       5
3       15
2       33
20       15
23       1
21       1
2       31
20       11
3       16
21       3
23       1
3       10
20       13
2       36
23       3
21       5
22       1
18       1
21       6
20       9
3       17
2       35
2       34
3       10
20       11
21       6
22       1
3       10
2       37
20       6
21       3
19       1
22       2
3       10
21       7
2       33
20       21
19       1
2       30
3       19
20       6
21       3
19       1
3       16
2       32
20       8
23       2
21       1
19       1
20       8
3       15
2       37
23       3
21       1
23       2
3       15
2       37
20       11
21       3
18       3
2       33
3       13
23       4
20       9