2       26
2       27
2       29
2       30
2       31
2       31
2       31
2       31
2       31
2       32
2       32
2       33
2       33
2       33
2       34
2       34
2       35
2       35
2       36
2       36
2       36
2       36
2       37
2       37
2       37
2       37
2       37
2       38
2       39
2       39
2       41
3       10
3       10
3       10
3       10
3       11
3       11
3       12
3       13
3       13
3       14
3       14
3       15
3       15
3       15
3       15
3       15
3       16
3       16
3       16
3       17
3       17
3       17
3       18
3       18
3       19
3       19
3       19
3       20
3       20
3       24
3       9
18       1
18       1
18       1
18       1
18       1
18       2
18       3
19       1
19       1
19       1
19       1
19       1
19       1
19       2
19       2
19       2
20       10
20       10
20       10
20       10
20       11
20       11
20       11
20       11
20       12
20       12
20       13
20       13
20       14
20       14
20       15
20       21
20       4
20       5
20       6
20       6
20       7
20       7
20       8
20       8
20       8
20       8
20       8
20       9
20       9
20       9
20       9
21       1
21       1
21       1
21       2
21       2
21       3
21       3
21       3
21       3
21       3
21       3
21       3
21       3
21       4
21       4
21       4
21       4
21       4
21       5
21       5
21       5
21       5
21       5
21       6
21       6
21       6
21       7
21       7
22       1
22       1
22       1
22       1
22       1
22       2
22       2
22       2
23       1
23       1
23       1
23       1
23       1
23       1
23       1
23       1
23       1
23       1
23       2
23       2
23       2
23       2
23       2
23       2
23       3
23       3
23       3
23       4
23       4
23       7
